(windstille-3dsprite
  (vertices
    (vertex -3.178643 133.918594 -5.801931)
    (vertex 1.929849 133.918594 -5.801929)
    (vertex -0.233409 131.016937 -6.633874)
    (vertex -1.014339 131.021332 -6.632413)
    (vertex -0.625268 131.055191 -6.783903)
    (vertex -1.430636 126.974152 -6.552114)
    (vertex -1.985873 133.648682 -6.183000)
    (vertex -2.430880 125.521439 -6.027413)
    (vertex -1.278687 129.658875 -7.695791)
    (vertex -4.021935 133.139923 -4.446841)
    (vertex -3.945167 131.990295 -4.208931)
    (vertex -3.090487 131.929443 -4.772237)
    (vertex -3.149153 133.066177 -4.961936)
    (vertex -4.913942 132.692245 -3.132222)
    (vertex -2.009293 132.513306 -4.818699)
    (vertex -5.555012 133.769104 -3.504766)
    (vertex -5.116343 131.669601 -4.222916)
    (vertex -3.120445 127.615868 9.796329)
    (vertex -5.817402 127.204597 7.858241)
    (vertex -1.857893 123.744904 -5.411072)
    (vertex -1.638422 124.054359 -6.178104)
    (vertex -7.029009 133.743118 1.077358)
    (vertex -5.038326 125.731781 1.592933)
    (vertex -3.814186 131.439423 -5.333208)
    (vertex -3.494268 125.291382 -4.843133)
    (vertex -7.202962 133.450745 6.701887)
    (vertex -6.935549 125.887680 3.252703)
    (vertex -4.357711 124.798553 6.287645)
    (vertex -1.802870 128.737564 -6.692523)
    (vertex -4.505348 134.199280 -5.420861)
    (vertex -2.961014 127.301743 -5.482343)
    (vertex -5.686670 132.592407 -2.390538)
    (vertex -1.185257 129.256439 -7.705119)
    (vertex -4.907822 136.839188 -4.431962)
    (vertex -2.651571 137.507629 -5.347696)
    (vertex -2.506807 125.040352 7.160354)
    (vertex -4.516367 134.221008 9.980042)
    (vertex -7.738040 133.736237 3.656780)
    (vertex -5.919831 134.460403 -1.834550)
    (vertex -2.407608 131.828308 -5.205988)
    (vertex -6.376526 130.191208 0.753723)
    (vertex -7.577787 130.087189 3.375632)
    (vertex -5.312961 127.969727 -1.503769)
    (vertex -6.138248 128.820663 1.582819)
    (vertex -4.603894 126.159859 -1.317005)
    (vertex -3.918236 127.053017 -4.585473)
    (vertex -0.624887 126.982269 -6.679143)
    (vertex -0.624869 129.673492 -7.865566)
    (vertex -0.624783 127.626511 9.845041)
    (vertex -0.624843 124.003189 -6.434031)
    (vertex -0.624911 123.384857 -1.240091)
    (vertex -0.624809 129.238602 -7.867509)
    (vertex -0.624843 123.606873 -5.727260)
    (vertex -0.624912 125.282173 8.033052)
    (vertex -0.624810 128.572891 -6.939927)
    (vertex -0.624888 132.748093 -5.670457)
    (vertex -0.624879 126.113976 -6.410011)
    (vertex -0.624880 127.204559 -6.892471)
    (vertex -0.624728 134.531326 11.108368)
    (vertex -0.624911 137.476562 -5.793359)
    (vertex -0.624857 120.767426 -1.243546)
    (vertex -3.620517 123.346054 6.672517)
    (vertex -4.274426 122.236504 1.682202)
    (vertex -3.381404 128.629974 -5.952155)
    (vertex -4.338439 130.317337 -5.364895)
    (vertex -2.305083 130.327209 -5.943650)
    (vertex -6.032892 130.717010 -1.636508)
    (vertex -0.624843 124.817863 -6.637600)
    (vertex -6.110549 132.883682 -1.137507)
    (vertex -5.669606 127.770821 0.525648)
    (vertex -1.258371 132.552277 -5.790938)
    (vertex -1.358409 133.236038 -6.066529)
    (vertex -0.624904 133.285034 -5.937697)
    (vertex -1.716757 124.710846 -6.414039)
    (vertex -1.291091 126.121048 -6.266041)
    (vertex -0.624912 125.495224 -6.532892)
    (vertex -1.634249 125.427490 -6.306758)
    (vertex -0.624887 126.769432 -6.803509)
    (vertex -1.431697 126.760849 -6.676815)
    (vertex -5.501951 130.554840 -3.253537)
    (vertex -1.426085 127.195557 -6.771101)
    (vertex -0.624873 127.683884 -6.764195)
    (vertex -1.415793 127.641640 -6.609572)
    (vertex -3.288921 124.343163 0.194477)
    (vertex 2.040118 124.343155 0.194477)
    (vertex 0.166961 127.641632 -6.609571)
    (vertex 0.177259 127.195541 -6.771101)
    (vertex 4.253157 130.554840 -3.253537)
    (vertex 0.182864 126.760841 -6.676815)
    (vertex 0.385455 125.427475 -6.306758)
    (vertex 0.042265 126.121040 -6.266041)
    (vertex 0.467895 124.710846 -6.414039)
    (vertex 0.109608 133.236023 -6.066529)
    (vertex 0.009577 132.552261 -5.790937)
    (vertex 4.420811 127.770798 0.525648)
    (vertex 4.861747 132.883667 -1.137507)
    (vertex 4.784091 130.717010 -1.636507)
    (vertex 1.056289 130.327194 -5.943650)
    (vertex 3.089636 130.317337 -5.364894)
    (vertex 2.132611 128.629959 -5.952157)
    (vertex 3.025608 122.236496 1.682202)
    (vertex 2.371699 123.346039 6.672517)
    (vertex -0.624405 123.640686 8.230978)
    (vertex 2.669441 127.053009 -4.585474)
    (vertex 3.355099 126.159851 -1.317006)
    (vertex 4.889446 128.820648 1.582819)
    (vertex 4.064158 127.969719 -1.503769)
    (vertex 6.328993 130.087173 3.375631)
    (vertex 5.127725 130.191193 0.753722)
    (vertex 1.158807 131.828293 -5.205987)
    (vertex 4.671037 134.460403 -1.834550)
    (vertex 6.489246 133.736221 3.656780)
    (vertex 3.267488 134.220993 9.980040)
    (vertex 1.258011 125.040352 7.160354)
    (vertex 1.402776 137.507614 -5.347695)
    (vertex 3.659028 136.839188 -4.431961)
    (vertex -0.063722 129.256424 -7.705119)
    (vertex 4.437868 132.592392 -2.390538)
    (vertex 1.712189 127.301720 -5.482344)
    (vertex 3.256553 134.199280 -5.420860)
    (vertex 0.554008 128.737564 -6.692523)
    (vertex 3.108916 124.798523 6.287646)
    (vertex 5.686754 125.887672 3.252704)
    (vertex 5.954154 133.450745 6.701886)
    (vertex 2.245466 125.291374 -4.843133)
    (vertex 2.565392 131.439407 -5.333205)
    (vertex 3.789524 125.731773 1.592932)
    (vertex 5.780206 133.743118 1.077358)
    (vertex 0.389558 124.054352 -6.178104)
    (vertex 0.609024 123.744888 -5.411072)
    (vertex 4.568600 127.204590 7.858240)
    (vertex 1.871440 127.615860 9.796331)
    (vertex 3.867541 131.669601 -4.222914)
    (vertex 4.306210 133.769104 -3.504766)
    (vertex 0.760499 132.513290 -4.818698)
    (vertex 3.665140 132.692230 -3.132222)
    (vertex 1.900350 133.066177 -4.961934)
    (vertex 1.841694 131.929428 -4.772236)
    (vertex 2.696365 131.990280 -4.208930)
    (vertex 2.773133 133.139908 -4.446840)
    (vertex 0.029825 129.658875 -7.695792)
    (vertex 1.182086 125.521431 -6.027413)
    (vertex 0.737080 133.648682 -6.182997)
    (vertex -0.624490 140.109207 1.358073)
    (vertex 0.181810 126.974136 -6.552114)
    (vertex -0.613349 134.390579 6.309703)
    (vertex -0.613348 136.096985 2.160864)
    (vertex -0.613348 135.998627 -5.183134)
    (vertex -0.613349 135.548187 -10.720097)
    (vertex -0.613348 137.037094 -5.928958)
    (vertex 3.119954 136.043640 -5.814749)
    (vertex -4.343369 135.958176 -5.190874)
    (vertex -6.730328 134.536865 -10.043074)
    (vertex -4.343370 135.507751 -10.727835)
    (vertex 5.506912 134.536865 -10.043072)
    (vertex 3.119953 135.588638 -10.712358)
    (vertex 3.143339 139.308685 9.894783)
    (vertex 2.983988 141.320145 -4.928196)
    (vertex 3.175347 137.036804 -5.928959)
    (vertex 3.185905 131.560791 10.059917)
    (vertex 6.543295 134.305374 0.276989)
    (vertex 5.828482 140.573853 0.294150)
    (vertex 5.828481 139.820953 6.111281)
    (vertex 6.543296 132.292328 6.200012)
    (vertex 3.126662 140.669144 6.286732)
    (vertex 2.015414 140.327988 8.568314)
    (vertex 6.702580 134.637939 6.594809)
    (vertex 3.451160 134.360321 10.852795)
    (vertex 3.079669 138.799896 -5.554771)
    (vertex 6.702582 136.239410 0.136056)
    (vertex -7.925997 136.239426 0.136056)
    (vertex -0.613433 134.355759 11.601950)
    (vertex -0.613433 138.809113 -5.748328)
    (vertex -4.303084 138.730209 -5.464788)
    (vertex -7.925998 134.637939 6.594810)
    (vertex -4.674575 134.360306 10.852795)
    (vertex -0.613433 139.895187 8.593021)
    (vertex -0.613433 142.244629 -2.040226)
    (vertex -3.238829 140.328003 8.568314)
    (vertex -3.844194 142.258347 -1.668823)
    (vertex 2.620778 142.258331 -1.668824)
    (vertex -0.613432 142.224594 0.737800)
    (vertex -4.483094 142.239548 0.934974)
    (vertex 3.259678 142.239548 0.934974)
    (vertex -0.613432 140.186035 6.198875)
    (vertex -4.350079 140.669159 6.286733)
    (vertex -7.766712 132.292328 6.200011)
    (vertex -7.051898 139.820953 6.111281)
    (vertex -7.051898 140.573853 0.294151)
    (vertex -7.766712 134.305374 0.276990)
    (vertex -0.613432 141.321716 -5.192219)
    (vertex -0.613433 131.555389 10.808371)
    (vertex -0.613433 139.153275 10.628363)
    (vertex -4.207404 141.182175 -4.609771)
    (vertex -4.398764 137.037384 -5.928957)
    (vertex -4.409322 131.560791 10.059917)
    (vertex -4.366757 139.308685 9.894783)
    (vertex 16.885374 88.319901 3.450007)
    (vertex 18.272938 82.301514 3.793670)
    (vertex 14.151564 81.016884 4.889342)
    (vertex 12.556149 87.936798 4.494200)
    (vertex 16.415396 87.051689 -5.832006)
    (vertex 17.732857 81.238930 -5.778543)
    (vertex 13.530580 79.795128 -6.116759)
    (vertex 12.015766 86.478622 -6.178231)
    (vertex 14.650429 75.387527 -4.593182)
    (vertex 18.706810 77.405556 -4.453457)
    (vertex 15.142847 76.495758 4.520721)
    (vertex 19.135077 78.369408 3.473074)
    (vertex 19.641340 75.741882 2.401944)
    (vertex 15.724946 73.474640 3.289138)
    (vertex 19.462297 74.884850 -2.170523)
    (vertex 15.519083 72.489227 -1.968271)
    (vertex 12.970383 88.459076 -4.084914)
    (vertex 15.427658 88.363449 -3.863248)
    (vertex 13.290162 89.321991 2.230697)
    (vertex 15.705777 89.113937 1.629560)
    (vertex 69.747849 112.232712 8.241613)
    (vertex 69.524406 110.023407 8.241482)
    (vertex 69.747864 112.233047 2.467441)
    (vertex 69.524414 110.023743 2.467308)
    (vertex 62.941643 111.350677 0.350437)
    (vertex 62.929775 109.321838 0.350316)
    (vertex 62.618523 109.019432 -1.571457)
    (vertex 62.634258 111.711594 -1.571296)
    (vertex 58.817204 112.071182 -1.275371)
    (vertex 58.801476 109.379013 -1.275528)
    (vertex 59.112736 109.681427 0.646244)
    (vertex 59.124588 111.710258 0.646368)
    (vertex 64.032364 110.914207 2.262274)
    (vertex 64.309845 113.657837 2.262434)
    (vertex 64.032364 110.913780 9.432981)
    (vertex 64.309845 113.657425 9.433142)
    (vertex 59.109478 114.294571 10.320900)
    (vertex 59.089649 110.898262 10.320702)
    (vertex 59.109478 114.295029 2.459745)
    (vertex 59.089645 110.898727 2.459543)
    (vertex 51.755867 114.575508 3.294944)
    (vertex 51.739208 111.725327 2.822121)
    (vertex 53.776314 110.944839 1.448576)
    (vertex 53.797867 114.632126 1.448794)
    (vertex 51.755836 114.571350 8.418959)
    (vertex 51.739170 111.719193 8.873985)
    (vertex 53.776325 110.944344 9.654869)
    (vertex 53.797871 114.631645 9.655087)
    (vertex -71.069473 112.232712 8.241613)
    (vertex -70.846031 110.023407 8.241482)
    (vertex -71.069473 112.233047 2.467440)
    (vertex -70.846024 110.023750 2.467310)
    (vertex -64.263268 111.350685 0.350439)
    (vertex -64.251396 109.321846 0.350318)
    (vertex -63.940151 109.019432 -1.571455)
    (vertex -63.955887 111.711601 -1.571300)
    (vertex -60.138840 112.071182 -1.275369)
    (vertex -60.123108 109.379013 -1.275531)
    (vertex -60.434364 109.681427 0.646246)
    (vertex -60.446209 111.710266 0.646366)
    (vertex -65.353996 110.914207 2.262274)
    (vertex -65.631485 113.657845 2.262436)
    (vertex -65.353996 110.913788 9.432980)
    (vertex -65.631485 113.657417 9.433142)
    (vertex -60.431118 114.294571 10.320898)
    (vertex -60.411270 110.898262 10.320700)
    (vertex -60.431118 114.295029 2.459744)
    (vertex -60.411270 110.898720 2.459546)
    (vertex -53.077484 114.575516 3.294943)
    (vertex -53.060837 111.725319 2.822119)
    (vertex -55.097939 110.944839 1.448575)
    (vertex -55.119495 114.632126 1.448793)
    (vertex -53.077457 114.571350 8.418955)
    (vertex -53.060799 111.719185 8.873985)
    (vertex -55.097954 110.944351 9.654869)
    (vertex -55.119492 114.631645 9.655087)
    (vertex 19.700474 9.555107 9.707310)
    (vertex 19.700478 -0.767639 11.905779)
    (vertex 12.093171 -0.767639 11.905779)
    (vertex 12.093174 9.555122 9.707310)
    (vertex 20.005281 5.480888 -11.833612)
    (vertex 19.399855 -0.766144 -13.571404)
    (vertex 12.573247 -0.766129 -13.571404)
    (vertex 11.977246 5.480888 -11.833611)
    (vertex 20.009449 2.382141 11.905968)
    (vertex 15.896825 -0.767639 11.905781)
    (vertex 11.755437 2.382156 11.905966)
    (vertex 15.896823 9.555046 10.924652)
    (vertex 15.896825 6.240219 -12.324600)
    (vertex 12.276324 1.660324 -13.571259)
    (vertex 15.906243 -0.766083 -14.412876)
    (vertex 19.683273 1.660309 -13.571259)
    (vertex 20.571928 9.135025 -1.341992)
    (vertex 20.571924 -0.766922 -0.552315)
    (vertex 12.682616 -0.766922 -0.552315)
    (vertex 12.098251 9.134964 -0.368069)
    (vertex 15.896825 10.011177 -2.234657)
    (vertex 12.394992 2.382889 -0.552128)
    (vertex 15.896821 -0.766922 -0.552315)
    (vertex 20.954983 2.382874 -0.552128)
    (vertex 15.892665 1.660385 -14.412737)
    (vertex 15.882445 2.382141 11.905966)
    (vertex 20.571928 6.653702 -5.462936)
    (vertex 11.221720 6.653717 -5.462936)
    (vertex 15.896825 7.529793 -5.462884)
    (vertex 11.221720 -0.766510 -7.270019)
    (vertex 10.809901 1.659973 -7.575009)
    (vertex 20.571926 -0.766510 -7.270019)
    (vertex 15.896823 -0.766510 -7.270018)
    (vertex 21.367510 1.659988 -7.575009)
    (vertex 20.571930 9.555420 4.415108)
    (vertex 11.221722 9.555420 4.415108)
    (vertex 11.221719 -0.767303 5.957229)
    (vertex 10.809900 2.382492 5.957416)
    (vertex 20.571924 -0.767303 5.957230)
    (vertex 15.896823 -0.767303 5.957230)
    (vertex 20.954983 2.382492 5.957416)
    (vertex 11.365016 15.000610 4.100081)
    (vertex 20.129122 15.173836 4.100092)
    (vertex 15.742822 14.931023 -2.409492)
    (vertex 12.166363 14.812782 -1.188377)
    (vertex 19.752354 14.967018 -1.200726)
    (vertex 15.742824 15.140617 10.539536)
    (vertex 12.163824 15.022484 9.805368)
    (vertex 19.316629 15.176758 9.330772)
    (vertex 12.446053 86.142853 5.152744)
    (vertex 12.866431 83.633064 4.915727)
    (vertex 12.446058 86.143578 -7.155745)
    (vertex 12.866422 83.633759 -7.155894)
    (vertex 13.890340 86.245316 -1.909485)
    (vertex 14.357773 83.735504 -1.909635)
    (vertex 6.427062 86.740738 8.362177)
    (vertex 6.427065 84.638283 -10.365232)
    (vertex 6.427052 82.715988 -9.401909)
    (vertex 6.427062 84.230949 8.125160)
    (vertex 5.453218 97.607666 -10.508268)
    (vertex 5.453215 97.513420 10.376898)
    (vertex 12.546542 97.998161 0.476781)
    (vertex 11.254572 98.183250 -6.292933)
    (vertex 11.246998 97.821075 7.110216)
    (vertex 12.560088 105.792641 12.572620)
    (vertex 12.595510 106.421730 -6.878886)
    (vertex 13.988757 105.730621 3.392015)
    (vertex 6.157208 105.807419 14.679640)
    (vertex 6.170401 106.008339 -12.245544)
    (vertex 7.193780 89.934853 -11.719326)
    (vertex 7.193776 90.436142 10.060427)
    (vertex 14.222822 90.670532 -1.270389)
    (vertex 12.750196 90.614006 -7.754252)
    (vertex 12.746955 89.654556 6.302721)
    (vertex 7.414627 112.677383 -10.539818)
    (vertex 7.396674 112.529694 15.790438)
    (vertex 14.547597 113.794304 -6.144325)
    (vertex 14.518353 113.488121 15.272902)
    (vertex 15.157484 123.286705 12.664684)
    (vertex 15.116990 120.287384 -2.693374)
    (vertex 16.894592 123.887138 5.440036)
    (vertex 7.419333 124.698090 13.142979)
    (vertex 7.418477 120.233078 -3.135501)
    (vertex 8.297226 125.212318 5.081264)
    (vertex 18.940315 122.988052 5.778286)
    (vertex 18.828674 120.260574 -0.955636)
    (vertex 18.841473 122.152336 11.750919)
    (vertex 18.708033 115.159477 13.962814)
    (vertex 18.691713 114.658340 -3.449245)
    (vertex 17.816677 108.605011 6.403551)
    (vertex 17.344513 109.974510 -0.687624)
    (vertex 16.741899 109.644478 12.064528)
    (vertex 24.538593 109.606621 11.686754)
    (vertex 24.685446 109.930298 -0.504120)
    (vertex 24.817247 108.616219 6.274941)
    (vertex 25.471170 114.961678 -3.144157)
    (vertex 25.473558 115.468170 13.501526)
    (vertex 25.419252 121.269089 11.386932)
    (vertex 25.399693 120.702255 -0.760279)
    (vertex 25.553890 122.393692 5.677200)
    (vertex 33.399258 120.005974 5.651848)
    (vertex 33.282387 118.587509 0.171870)
    (vertex 33.293568 119.067963 10.512325)
    (vertex 33.265789 114.899017 12.312443)
    (vertex 33.263073 114.526817 -1.857384)
    (vertex 32.727173 109.563019 6.160758)
    (vertex 32.601841 110.649673 0.390001)
    (vertex 32.470791 110.380623 10.767626)
    (vertex 40.259094 109.717255 9.904129)
    (vertex 40.369484 109.937088 1.229846)
    (vertex 40.470531 109.045387 6.053414)
    (vertex 40.394680 113.881905 -0.648623)
    (vertex 40.368217 114.283157 11.195429)
    (vertex 39.930763 119.424835 9.690874)
    (vertex 39.929916 119.034767 1.047662)
    (vertex 40.006680 120.202187 5.628178)
    (vertex 45.071991 120.037735 5.649746)
    (vertex 45.002449 118.720169 0.249659)
    (vertex 44.995220 119.168518 10.439373)
    (vertex 45.004845 114.201462 12.213196)
    (vertex 45.007069 113.777954 -1.750068)
    (vertex 44.866810 108.373024 6.151157)
    (vertex 44.778648 109.419327 0.464523)
    (vertex 44.655533 109.147110 10.690865)
    (vertex 49.469471 109.899811 9.018629)
    (vertex 49.584282 110.059669 2.091188)
    (vertex 49.532036 109.344833 5.943377)
    (vertex 50.195953 112.959236 0.590996)
    (vertex 50.242382 113.224197 10.049866)
    (vertex 50.790642 116.397507 8.848244)
    (vertex 50.738647 116.091591 1.945621)
    (vertex 50.949604 116.995392 5.603703)
    (vertex 52.491905 116.589516 5.603679)
    (vertex 52.280952 115.685715 1.945597)
    (vertex 52.332947 115.991638 8.848221)
    (vertex 51.784687 112.818329 10.049843)
    (vertex 51.738258 112.553368 0.590970)
    (vertex 51.877132 112.943047 5.472779)
    (vertex 51.074341 108.938965 5.943354)
    (vertex 51.126583 109.653793 2.091165)
    (vertex 51.011776 109.493935 9.018604)
    (vertex 5.443304 76.592957 11.371220)
    (vertex 7.623134 75.256241 -9.373590)
    (vertex 15.717698 79.472092 -0.250895)
    (vertex 14.964630 77.688904 -5.591203)
    (vertex 14.878400 77.083549 7.758003)
    (vertex 15.992282 69.675476 6.765917)
    (vertex 16.048271 69.671295 -5.585415)
    (vertex 17.563210 69.637245 0.590250)
    (vertex -0.454701 64.906662 1.851480)
    (vertex 7.613989 68.942337 -9.363424)
    (vertex 5.436625 68.846451 10.070112)
    (vertex 11.145705 48.964508 8.856840)
    (vertex 11.145697 48.965485 -7.678787)
    (vertex 4.456163 44.157227 0.588743)
    (vertex 17.860922 50.086044 0.589093)
    (vertex 6.510671 44.352417 -5.773089)
    (vertex 6.510672 44.351669 6.950598)
    (vertex 16.307961 49.997452 -4.540622)
    (vertex 16.307968 49.996857 5.718798)
    (vertex 18.046688 35.450844 9.094801)
    (vertex 18.046682 35.451477 -1.859517)
    (vertex 8.936321 33.530602 10.410276)
    (vertex 8.936317 33.531403 -3.175221)
    (vertex 19.398424 35.440346 3.617641)
    (vertex 7.343883 33.456383 3.617523)
    (vertex 13.119371 35.330643 -5.210180)
    (vertex 13.119378 35.329597 12.445446)
    (vertex 15.821763 18.986923 12.517340)
    (vertex 15.821752 18.987953 -4.947402)
    (vertex 9.957492 17.789452 3.784897)
    (vertex 21.646059 18.419350 3.784934)
    (vertex 11.481224 17.866783 -2.934404)
    (vertex 11.481225 17.865982 10.504208)
    (vertex 20.342125 18.430824 -1.633005)
    (vertex 20.342131 18.430191 9.202875)
    (vertex 4.108125 54.347183 9.171867)
    (vertex 3.226632 53.130119 0.589273)
    (vertex 4.108125 54.348190 -7.993177)
    (vertex 8.748773 57.750130 9.700268)
    (vertex 8.748763 57.751190 -8.521179)
    (vertex 15.692206 58.435448 -5.063101)
    (vertex 17.388683 58.380737 0.589584)
    (vertex 15.692208 58.434792 6.242274)
    (vertex -16.534985 58.445419 6.242275)
    (vertex -18.231461 58.391365 0.589585)
    (vertex -16.534985 58.446075 -5.063100)
    (vertex -9.591071 57.751198 -8.521179)
    (vertex -9.591080 57.750130 9.700272)
    (vertex -4.950434 54.348198 -7.993178)
    (vertex -4.068944 53.130127 0.589272)
    (vertex -4.950435 54.347191 9.171867)
    (vertex -0.406311 84.675888 8.846897)
    (vertex -0.422005 87.136017 9.501783)
    (vertex -0.406311 84.570839 -10.123507)
    (vertex -0.422005 82.164764 -10.542744)
    (vertex -0.421864 96.823532 -11.443148)
    (vertex -0.421864 96.822861 10.894539)
    (vertex -0.422004 105.354706 14.079422)
    (vertex -0.422004 105.364624 -13.527317)
    (vertex -0.421984 88.999969 -12.600422)
    (vertex -0.421984 89.979294 10.911827)
    (vertex -0.422005 112.020683 -11.545071)
    (vertex -0.422005 112.013847 14.581951)
    (vertex -0.097398 125.541908 13.881916)
    (vertex -0.422004 118.515968 -7.493544)
    (vertex -0.421958 74.324333 -9.943527)
    (vertex -0.421959 76.755119 10.490908)
    (vertex -0.422005 69.294189 9.682949)
    (vertex -0.422005 67.310425 -6.148222)
    (vertex -21.184444 18.430183 9.202877)
    (vertex -21.184437 18.430832 -1.633006)
    (vertex -12.323533 17.865982 10.504208)
    (vertex -12.323528 17.866768 -2.934405)
    (vertex -22.488367 18.419350 3.784935)
    (vertex -10.799799 17.789452 3.784897)
    (vertex -16.664062 18.987961 -4.947402)
    (vertex -16.664076 18.986908 12.517338)
    (vertex -13.961687 35.329605 12.445446)
    (vertex -13.961679 35.330635 -5.210181)
    (vertex -8.186187 33.456383 3.617523)
    (vertex -20.240730 35.440346 3.617641)
    (vertex -9.778629 33.531403 -3.175221)
    (vertex -9.778629 33.530594 10.410278)
    (vertex -18.888994 35.451485 -1.859517)
    (vertex -18.889002 35.450836 9.094803)
    (vertex -17.150274 49.996864 5.718799)
    (vertex -17.150272 49.997452 -4.540621)
    (vertex -7.352982 44.351669 6.950598)
    (vertex -7.352976 44.352409 -5.773090)
    (vertex -18.703238 50.086044 0.589093)
    (vertex -5.298470 44.157227 0.588742)
    (vertex -11.988007 48.965492 -7.678787)
    (vertex -11.988013 48.964508 8.856844)
    (vertex -6.278934 68.846466 10.070114)
    (vertex -8.456294 68.942337 -9.363426)
    (vertex -18.398022 69.648575 0.590251)
    (vertex -17.231451 69.652130 -5.585417)
    (vertex -17.231457 69.651428 6.765917)
    (vertex -16.235476 77.083549 7.758002)
    (vertex -15.804634 77.688896 -5.591203)
    (vertex -16.557701 79.472107 -0.250896)
    (vertex -8.465345 75.256241 -9.373592)
    (vertex -6.285518 76.592949 11.371220)
    (vertex -51.854080 109.493942 9.018604)
    (vertex -51.968887 109.653809 2.091164)
    (vertex -51.916641 108.938980 5.943353)
    (vertex -52.719444 112.943054 5.472778)
    (vertex -52.580559 112.553383 0.590971)
    (vertex -52.626991 112.818329 10.049841)
    (vertex -53.175255 115.991646 8.848219)
    (vertex -53.123260 115.685730 1.945594)
    (vertex -53.334209 116.589523 5.603677)
    (vertex -51.791916 116.995392 5.603702)
    (vertex -51.580963 116.091599 1.945620)
    (vertex -51.632950 116.397522 8.848246)
    (vertex -51.084690 113.224205 10.049866)
    (vertex -51.038261 112.959251 0.590994)
    (vertex -50.374340 109.344849 5.943377)
    (vertex -50.426586 110.059677 2.091188)
    (vertex -50.311783 109.899818 9.018625)
    (vertex -45.497837 109.147125 10.690861)
    (vertex -45.620956 109.419327 0.464523)
    (vertex -45.709114 108.373032 6.151158)
    (vertex -45.849377 113.777962 -1.750070)
    (vertex -45.847157 114.201477 12.213196)
    (vertex -45.837521 119.168518 10.439369)
    (vertex -45.844757 118.720184 0.249660)
    (vertex -45.914299 120.037750 5.649745)
    (vertex -40.848984 120.202194 5.628178)
    (vertex -40.772224 119.034775 1.047662)
    (vertex -40.773075 119.424843 9.690874)
    (vertex -41.210522 114.283165 11.195431)
    (vertex -41.236992 113.881912 -0.648623)
    (vertex -41.312840 109.045395 6.053412)
    (vertex -41.211788 109.937096 1.229845)
    (vertex -41.101398 109.717270 9.904125)
    (vertex -33.313091 110.380638 10.767630)
    (vertex -33.444145 110.649689 0.390002)
    (vertex -33.569477 109.563034 6.160758)
    (vertex -34.105377 114.526825 -1.857384)
    (vertex -34.108089 114.899033 12.312441)
    (vertex -34.135868 119.067963 10.512325)
    (vertex -34.124687 118.587509 0.171870)
    (vertex -34.241558 120.005981 5.651848)
    (vertex -26.396204 122.393707 5.677199)
    (vertex -26.242008 120.702263 -0.760279)
    (vertex -26.261562 121.269081 11.386930)
    (vertex -26.315868 115.468185 13.501526)
    (vertex -26.313478 114.961685 -3.144157)
    (vertex -25.659563 108.616226 6.274942)
    (vertex -25.527756 109.930298 -0.504120)
    (vertex -25.380901 109.606628 11.686754)
    (vertex -17.584213 109.644485 12.064529)
    (vertex -18.186827 109.974518 -0.687625)
    (vertex -18.658989 108.605019 6.403553)
    (vertex -19.534025 114.658340 -3.449245)
    (vertex -19.550348 115.159485 13.962814)
    (vertex -19.683784 122.152344 11.750919)
    (vertex -19.670980 120.260590 -0.955637)
    (vertex -19.782625 122.988060 5.778286)
    (vertex -9.139534 125.212326 5.081264)
    (vertex -8.260782 120.233093 -3.135503)
    (vertex -8.261641 124.698105 13.142981)
    (vertex -17.736904 123.887146 5.440035)
    (vertex -15.959301 120.287392 -2.693375)
    (vertex -15.999793 123.286713 12.664686)
    (vertex -15.360661 113.488129 15.272900)
    (vertex -15.389908 113.794319 -6.144325)
    (vertex -8.238983 112.529701 15.790442)
    (vertex -8.256934 112.677383 -10.539816)
    (vertex -13.589273 89.654556 6.302722)
    (vertex -13.592516 90.614014 -7.754254)
    (vertex -15.065142 90.670532 -1.270389)
    (vertex -8.036092 90.436150 10.060427)
    (vertex -8.036096 89.934845 -11.719326)
    (vertex -7.012711 106.008347 -12.245546)
    (vertex -6.999519 105.807426 14.679640)
    (vertex -14.831065 105.730637 3.392015)
    (vertex -13.437817 106.421738 -6.878888)
    (vertex -13.402395 105.792648 12.572622)
    (vertex -12.089361 97.821068 7.110217)
    (vertex -12.096938 98.183258 -6.292934)
    (vertex -13.388906 97.998169 0.476780)
    (vertex -6.295583 97.513428 10.376898)
    (vertex -6.295586 97.607666 -10.508268)
    (vertex -7.238060 84.094971 8.125153)
    (vertex -7.582526 82.445557 -9.786283)
    (vertex -7.238063 84.638275 -10.365231)
    (vertex -7.238061 86.740746 8.362177)
    (vertex -15.165545 83.599525 -1.909643)
    (vertex -14.701341 86.245316 -1.909485)
    (vertex -13.674195 83.497787 -7.155902)
    (vertex -13.257058 86.143578 -7.155746)
    (vertex -13.674203 83.497086 4.915718)
    (vertex -13.257052 86.142853 5.152743)
    (vertex -20.158943 15.176758 9.330776)
    (vertex -13.006132 15.022484 9.805367)
    (vertex -16.585138 15.140617 10.539536)
    (vertex -20.594664 14.967018 -1.200726)
    (vertex -13.008669 14.812782 -1.188377)
    (vertex -16.585136 14.931023 -2.409491)
    (vertex -20.971434 15.173828 4.100091)
    (vertex -12.207323 15.000603 4.100083)
    (vertex -21.797293 2.382492 5.957415)
    (vertex -16.739132 -0.767303 5.957229)
    (vertex -21.414236 -0.767303 5.957228)
    (vertex -11.652209 2.382492 5.957417)
    (vertex -12.064031 -0.767303 5.957228)
    (vertex -12.064033 9.555428 4.415107)
    (vertex -21.414234 9.555420 4.415109)
    (vertex -22.209824 1.659988 -7.575009)
    (vertex -16.739134 -0.766510 -7.270018)
    (vertex -21.414238 -0.766510 -7.270019)
    (vertex -11.652211 1.659973 -7.575012)
    (vertex -12.064029 -0.766510 -7.270017)
    (vertex -16.739136 7.529793 -5.462885)
    (vertex -12.064029 6.653709 -5.462936)
    (vertex -21.414236 6.653694 -5.462937)
    (vertex -16.724751 2.382141 11.905966)
    (vertex -16.734982 1.660385 -14.412737)
    (vertex -21.797295 2.382889 -0.552129)
    (vertex -16.739134 -0.766907 -0.552315)
    (vertex -13.237296 2.382889 -0.552128)
    (vertex -16.739136 10.011177 -2.234658)
    (vertex -12.940557 9.134956 -0.368068)
    (vertex -13.524920 -0.766907 -0.552315)
    (vertex -21.414234 -0.766907 -0.552314)
    (vertex -21.414238 9.135025 -1.341994)
    (vertex -20.525589 1.660324 -13.571260)
    (vertex -16.748558 -0.766098 -14.412878)
    (vertex -13.118635 1.660324 -13.571259)
    (vertex -16.739136 6.240196 -12.324604)
    (vertex -16.739134 9.555038 10.924652)
    (vertex -12.597745 2.382156 11.905966)
    (vertex -16.739136 -0.767639 11.905781)
    (vertex -20.851761 2.382141 11.905966)
    (vertex -12.819556 5.480888 -11.833612)
    (vertex -13.415555 -0.766144 -13.571405)
    (vertex -20.242168 -0.766144 -13.571405)
    (vertex -20.847593 5.480888 -11.833612)
    (vertex -12.935483 9.555107 9.707312)
    (vertex -12.935483 -0.767639 11.905783)
    (vertex -20.542788 -0.767639 11.905783)
    (vertex -20.542789 9.555107 9.707312)
    (vertex -5.996398 128.003525 11.743385)
    (vertex -7.109077 122.205544 -3.032710)
    (vertex -7.859318 127.673859 4.509254)
    (vertex -0.416648 123.323761 4.596651)
    (vertex -0.416647 120.454781 -6.881588)
    (vertex -0.139512 128.550995 12.687990)
    (vertex 7.027476 127.673843 4.509254)
    (vertex 6.277236 122.205536 -3.032709)
    (vertex 5.164557 128.003510 11.743387)
)
  (faces
(face (vert 1 0 0) (vert 142 0 0) (vert 136 0 0))
(face (vert 1 0 0) (vert 119 0 0) (vert 114 0 0))
(face (vert 0 0 0) (vert 29 0 0) (vert 12 0 0))
(face (vert 0 0 0) (vert 6 0 0) (vert 34 0 0))
(face (vert 44 0 0) (vert 69 0 0) (vert 22 0 0))
(face (vert 44 0 0) (vert 42 0 0) (vert 69 0 0))
(face (vert 104 0 0) (vert 94 0 0) (vert 106 0 0))
(face (vert 104 0 0) (vert 126 0 0) (vert 94 0 0))
(face (vert 61 0 0) (vert 27 0 0) (vert 35 0 0))
(face (vert 102 0 0) (vert 35 0 0) (vert 53 0 0))
(face (vert 102 0 0) (vert 53 0 0) (vert 113 0 0))
(face (vert 101 0 0) (vert 102 0 0) (vert 113 0 0))
(face (vert 60 0 0) (vert 100 0 0) (vert 84 0 0))
(face (vert 60 0 0) (vert 50 0 0) (vert 83 0 0))
(face (vert 93 0 0) (vert 2 0 0) (vert 97 0 0))
(face (vert 93 0 0) (vert 55 0 0) (vert 2 0 0))
(face (vert 70 0 0) (vert 3 0 0) (vert 55 0 0))
(face (vert 70 0 0) (vert 65 0 0) (vert 3 0 0))
(face (vert 140 0 0) (vert 2 0 0) (vert 4 0 0))
(face (vert 47 0 0) (vert 4 0 0) (vert 3 0 0))
(face (vert 55 0 0) (vert 4 0 0) (vert 2 0 0))
(face (vert 55 0 0) (vert 3 0 0) (vert 4 0 0))
(face (vert 2 0 0) (vert 120 0 0) (vert 97 0 0))
(face (vert 51 0 0) (vert 54 0 0) (vert 120 0 0))
(face (vert 51 0 0) (vert 32 0 0) (vert 28 0 0))
(face (vert 116 0 0) (vert 140 0 0) (vert 47 0 0))
(face (vert 32 0 0) (vert 51 0 0) (vert 47 0 0))
(face (vert 65 0 0) (vert 28 0 0) (vert 3 0 0))
(face (vert 25 0 0) (vert 37 0 0) (vert 143 0 0))
(face (vert 43 0 0) (vert 22 0 0) (vert 69 0 0))
(face (vert 43 0 0) (vert 69 0 0) (vert 40 0 0))
(face (vert 44 0 0) (vert 22 0 0) (vert 83 0 0))
(face (vert 44 0 0) (vert 83 0 0) (vert 19 0 0))
(face (vert 83 0 0) (vert 22 0 0) (vert 62 0 0))
(face (vert 64 0 0) (vert 65 0 0) (vert 23 0 0))
(face (vert 64 0 0) (vert 23 0 0) (vert 16 0 0))
(face (vert 50 0 0) (vert 52 0 0) (vert 19 0 0))
(face (vert 50 0 0) (vert 19 0 0) (vert 83 0 0))
(face (vert 28 0 0) (vert 63 0 0) (vert 30 0 0))
(face (vert 28 0 0) (vert 30 0 0) (vert 82 0 0))
(face (vert 42 0 0) (vert 45 0 0) (vert 79 0 0))
(face (vert 42 0 0) (vert 79 0 0) (vert 66 0 0))
(face (vert 30 0 0) (vert 80 0 0) (vert 82 0 0))
(face (vert 81 0 0) (vert 82 0 0) (vert 80 0 0))
(face (vert 54 0 0) (vert 28 0 0) (vert 82 0 0))
(face (vert 46 0 0) (vert 57 0 0) (vert 80 0 0))
(face (vert 64 0 0) (vert 79 0 0) (vert 45 0 0))
(face (vert 64 0 0) (vert 45 0 0) (vert 63 0 0))
(face (vert 45 0 0) (vert 30 0 0) (vert 63 0 0))
(face (vert 79 0 0) (vert 16 0 0) (vert 31 0 0))
(face (vert 79 0 0) (vert 31 0 0) (vert 66 0 0))
(face (vert 63 0 0) (vert 65 0 0) (vert 64 0 0))
(face (vert 30 0 0) (vert 7 0 0) (vert 74 0 0))
(face (vert 30 0 0) (vert 74 0 0) (vert 78 0 0))
(face (vert 77 0 0) (vert 78 0 0) (vert 74 0 0))
(face (vert 78 0 0) (vert 77 0 0) (vert 46 0 0))
(face (vert 30 0 0) (vert 78 0 0) (vert 5 0 0))
(face (vert 24 0 0) (vert 19 0 0) (vert 20 0 0))
(face (vert 24 0 0) (vert 20 0 0) (vert 73 0 0))
(face (vert 73 0 0) (vert 7 0 0) (vert 24 0 0))
(face (vert 76 0 0) (vert 7 0 0) (vert 73 0 0))
(face (vert 76 0 0) (vert 75 0 0) (vert 56 0 0))
(face (vert 52 0 0) (vert 49 0 0) (vert 20 0 0))
(face (vert 67 0 0) (vert 75 0 0) (vert 76 0 0))
(face (vert 74 0 0) (vert 7 0 0) (vert 76 0 0))
(face (vert 73 0 0) (vert 20 0 0) (vert 49 0 0))
(face (vert 29 0 0) (vert 34 0 0) (vert 33 0 0))
(face (vert 29 0 0) (vert 33 0 0) (vert 15 0 0))
(face (vert 29 0 0) (vert 0 0 0) (vert 34 0 0))
(face (vert 34 0 0) (vert 6 0 0) (vert 59 0 0))
(face (vert 70 0 0) (vert 55 0 0) (vert 72 0 0))
(face (vert 71 0 0) (vert 14 0 0) (vert 70 0 0))
(face (vert 71 0 0) (vert 59 0 0) (vert 6 0 0))
(face (vert 69 0 0) (vert 42 0 0) (vert 66 0 0))
(face (vert 69 0 0) (vert 66 0 0) (vert 40 0 0))
(face (vert 68 0 0) (vert 66 0 0) (vert 31 0 0))
(face (vert 68 0 0) (vert 38 0 0) (vert 21 0 0))
(face (vert 31 0 0) (vert 38 0 0) (vert 68 0 0))
(face (vert 68 0 0) (vert 21 0 0) (vert 66 0 0))
(face (vert 66 0 0) (vert 21 0 0) (vert 40 0 0))
(face (vert 44 0 0) (vert 19 0 0) (vert 24 0 0))
(face (vert 44 0 0) (vert 24 0 0) (vert 42 0 0))
(face (vert 70 0 0) (vert 39 0 0) (vert 65 0 0))
(face (vert 16 0 0) (vert 79 0 0) (vert 64 0 0))
(face (vert 7 0 0) (vert 30 0 0) (vert 45 0 0))
(face (vert 7 0 0) (vert 45 0 0) (vert 24 0 0))
(face (vert 27 0 0) (vert 61 0 0) (vert 62 0 0))
(face (vert 27 0 0) (vert 62 0 0) (vert 22 0 0))
(face (vert 41 0 0) (vert 37 0 0) (vert 25 0 0))
(face (vert 26 0 0) (vert 22 0 0) (vert 43 0 0))
(face (vert 26 0 0) (vert 43 0 0) (vert 41 0 0))
(face (vert 40 0 0) (vert 41 0 0) (vert 43 0 0))
(face (vert 37 0 0) (vert 41 0 0) (vert 40 0 0))
(face (vert 37 0 0) (vert 40 0 0) (vert 21 0 0))
(face (vert 10 0 0) (vert 11 0 0) (vert 12 0 0))
(face (vert 10 0 0) (vert 12 0 0) (vert 9 0 0))
(face (vert 143 0 0) (vert 33 0 0) (vert 34 0 0))
(face (vert 143 0 0) (vert 21 0 0) (vert 38 0 0))
(face (vert 59 0 0) (vert 143 0 0) (vert 34 0 0))
(face (vert 17 0 0) (vert 36 0 0) (vert 58 0 0))
(face (vert 17 0 0) (vert 58 0 0) (vert 48 0 0))
(face (vert 18 0 0) (vert 25 0 0) (vert 36 0 0))
(face (vert 18 0 0) (vert 36 0 0) (vert 17 0 0))
(face (vert 36 0 0) (vert 25 0 0) (vert 143 0 0))
(face (vert 35 0 0) (vert 27 0 0) (vert 18 0 0))
(face (vert 35 0 0) (vert 18 0 0) (vert 17 0 0))
(face (vert 53 0 0) (vert 35 0 0) (vert 17 0 0))
(face (vert 53 0 0) (vert 17 0 0) (vert 48 0 0))
(face (vert 22 0 0) (vert 26 0 0) (vert 27 0 0))
(face (vert 58 0 0) (vert 36 0 0) (vert 143 0 0))
(face (vert 63 0 0) (vert 28 0 0) (vert 65 0 0))
(face (vert 65 0 0) (vert 39 0 0) (vert 23 0 0))
(face (vert 45 0 0) (vert 42 0 0) (vert 24 0 0))
(face (vert 38 0 0) (vert 33 0 0) (vert 143 0 0))
(face (vert 29 0 0) (vert 15 0 0) (vert 9 0 0))
(face (vert 29 0 0) (vert 9 0 0) (vert 12 0 0))
(face (vert 23 0 0) (vert 11 0 0) (vert 10 0 0))
(face (vert 23 0 0) (vert 10 0 0) (vert 16 0 0))
(face (vert 16 0 0) (vert 10 0 0) (vert 13 0 0))
(face (vert 16 0 0) (vert 13 0 0) (vert 31 0 0))
(face (vert 15 0 0) (vert 31 0 0) (vert 13 0 0))
(face (vert 15 0 0) (vert 13 0 0) (vert 9 0 0))
(face (vert 25 0 0) (vert 26 0 0) (vert 41 0 0))
(face (vert 39 0 0) (vert 14 0 0) (vert 11 0 0))
(face (vert 39 0 0) (vert 11 0 0) (vert 23 0 0))
(face (vert 5 0 0) (vert 80 0 0) (vert 30 0 0))
(face (vert 6 0 0) (vert 12 0 0) (vert 14 0 0))
(face (vert 6 0 0) (vert 0 0 0) (vert 12 0 0))
(face (vert 71 0 0) (vert 72 0 0) (vert 59 0 0))
(face (vert 8 0 0) (vert 3 0 0) (vert 28 0 0))
(face (vert 12 0 0) (vert 11 0 0) (vert 14 0 0))
(face (vert 15 0 0) (vert 38 0 0) (vert 31 0 0))
(face (vert 33 0 0) (vert 38 0 0) (vert 15 0 0))
(face (vert 9 0 0) (vert 13 0 0) (vert 10 0 0))
(face (vert 70 0 0) (vert 14 0 0) (vert 39 0 0))
(face (vert 14 0 0) (vert 71 0 0) (vert 6 0 0))
(face (vert 18 0 0) (vert 27 0 0) (vert 26 0 0))
(face (vert 143 0 0) (vert 37 0 0) (vert 21 0 0))
(face (vert 32 0 0) (vert 8 0 0) (vert 28 0 0))
(face (vert 26 0 0) (vert 25 0 0) (vert 18 0 0))
(face (vert 123 0 0) (vert 143 0 0) (vert 111 0 0))
(face (vert 105 0 0) (vert 94 0 0) (vert 126 0 0))
(face (vert 105 0 0) (vert 108 0 0) (vert 94 0 0))
(face (vert 104 0 0) (vert 84 0 0) (vert 126 0 0))
(face (vert 104 0 0) (vert 129 0 0) (vert 84 0 0))
(face (vert 84 0 0) (vert 100 0 0) (vert 126 0 0))
(face (vert 98 0 0) (vert 125 0 0) (vert 97 0 0))
(face (vert 98 0 0) (vert 132 0 0) (vert 125 0 0))
(face (vert 50 0 0) (vert 129 0 0) (vert 52 0 0))
(face (vert 50 0 0) (vert 84 0 0) (vert 129 0 0))
(face (vert 120 0 0) (vert 118 0 0) (vert 99 0 0))
(face (vert 120 0 0) (vert 85 0 0) (vert 118 0 0))
(face (vert 106 0 0) (vert 87 0 0) (vert 103 0 0))
(face (vert 106 0 0) (vert 96 0 0) (vert 87 0 0))
(face (vert 118 0 0) (vert 85 0 0) (vert 86 0 0))
(face (vert 81 0 0) (vert 57 0 0) (vert 86 0 0))
(face (vert 54 0 0) (vert 81 0 0) (vert 85 0 0))
(face (vert 46 0 0) (vert 144 0 0) (vert 86 0 0))
(face (vert 98 0 0) (vert 103 0 0) (vert 87 0 0))
(face (vert 98 0 0) (vert 99 0 0) (vert 103 0 0))
(face (vert 103 0 0) (vert 99 0 0) (vert 118 0 0))
(face (vert 87 0 0) (vert 117 0 0) (vert 132 0 0))
(face (vert 87 0 0) (vert 96 0 0) (vert 117 0 0))
(face (vert 99 0 0) (vert 98 0 0) (vert 97 0 0))
(face (vert 118 0 0) (vert 90 0 0) (vert 141 0 0))
(face (vert 118 0 0) (vert 88 0 0) (vert 90 0 0))
(face (vert 77 0 0) (vert 56 0 0) (vert 90 0 0))
(face (vert 88 0 0) (vert 144 0 0) (vert 46 0 0))
(face (vert 118 0 0) (vert 144 0 0) (vert 88 0 0))
(face (vert 124 0 0) (vert 128 0 0) (vert 129 0 0))
(face (vert 124 0 0) (vert 91 0 0) (vert 128 0 0))
(face (vert 91 0 0) (vert 124 0 0) (vert 141 0 0))
(face (vert 89 0 0) (vert 91 0 0) (vert 141 0 0))
(face (vert 89 0 0) (vert 90 0 0) (vert 56 0 0))
(face (vert 52 0 0) (vert 129 0 0) (vert 128 0 0))
(face (vert 67 0 0) (vert 91 0 0) (vert 89 0 0))
(face (vert 90 0 0) (vert 89 0 0) (vert 141 0 0))
(face (vert 91 0 0) (vert 67 0 0) (vert 49 0 0))
(face (vert 119 0 0) (vert 115 0 0) (vert 114 0 0))
(face (vert 119 0 0) (vert 133 0 0) (vert 115 0 0))
(face (vert 114 0 0) (vert 142 0 0) (vert 1 0 0))
(face (vert 114 0 0) (vert 59 0 0) (vert 142 0 0))
(face (vert 93 0 0) (vert 92 0 0) (vert 72 0 0))
(face (vert 92 0 0) (vert 93 0 0) (vert 134 0 0))
(face (vert 92 0 0) (vert 142 0 0) (vert 59 0 0))
(face (vert 94 0 0) (vert 96 0 0) (vert 106 0 0))
(face (vert 94 0 0) (vert 108 0 0) (vert 96 0 0))
(face (vert 95 0 0) (vert 117 0 0) (vert 96 0 0))
(face (vert 95 0 0) (vert 127 0 0) (vert 110 0 0))
(face (vert 117 0 0) (vert 95 0 0) (vert 110 0 0))
(face (vert 95 0 0) (vert 96 0 0) (vert 127 0 0))
(face (vert 96 0 0) (vert 108 0 0) (vert 127 0 0))
(face (vert 104 0 0) (vert 124 0 0) (vert 129 0 0))
(face (vert 104 0 0) (vert 106 0 0) (vert 124 0 0))
(face (vert 93 0 0) (vert 97 0 0) (vert 109 0 0))
(face (vert 132 0 0) (vert 98 0 0) (vert 87 0 0))
(face (vert 141 0 0) (vert 103 0 0) (vert 118 0 0))
(face (vert 141 0 0) (vert 124 0 0) (vert 103 0 0))
(face (vert 121 0 0) (vert 100 0 0) (vert 101 0 0))
(face (vert 121 0 0) (vert 126 0 0) (vert 100 0 0))
(face (vert 107 0 0) (vert 123 0 0) (vert 111 0 0))
(face (vert 122 0 0) (vert 105 0 0) (vert 126 0 0))
(face (vert 122 0 0) (vert 107 0 0) (vert 105 0 0))
(face (vert 108 0 0) (vert 105 0 0) (vert 107 0 0))
(face (vert 111 0 0) (vert 108 0 0) (vert 107 0 0))
(face (vert 111 0 0) (vert 127 0 0) (vert 108 0 0))
(face (vert 138 0 0) (vert 136 0 0) (vert 137 0 0))
(face (vert 138 0 0) (vert 139 0 0) (vert 136 0 0))
(face (vert 143 0 0) (vert 114 0 0) (vert 115 0 0))
(face (vert 143 0 0) (vert 110 0 0) (vert 127 0 0))
(face (vert 59 0 0) (vert 114 0 0) (vert 143 0 0))
(face (vert 131 0 0) (vert 58 0 0) (vert 112 0 0))
(face (vert 131 0 0) (vert 48 0 0) (vert 58 0 0))
(face (vert 130 0 0) (vert 112 0 0) (vert 123 0 0))
(face (vert 130 0 0) (vert 131 0 0) (vert 112 0 0))
(face (vert 112 0 0) (vert 143 0 0) (vert 123 0 0))
(face (vert 113 0 0) (vert 130 0 0) (vert 121 0 0))
(face (vert 113 0 0) (vert 131 0 0) (vert 130 0 0))
(face (vert 53 0 0) (vert 131 0 0) (vert 113 0 0))
(face (vert 53 0 0) (vert 48 0 0) (vert 131 0 0))
(face (vert 126 0 0) (vert 121 0 0) (vert 122 0 0))
(face (vert 58 0 0) (vert 143 0 0) (vert 112 0 0))
(face (vert 99 0 0) (vert 97 0 0) (vert 120 0 0))
(face (vert 97 0 0) (vert 125 0 0) (vert 109 0 0))
(face (vert 103 0 0) (vert 124 0 0) (vert 106 0 0))
(face (vert 110 0 0) (vert 143 0 0) (vert 115 0 0))
(face (vert 119 0 0) (vert 139 0 0) (vert 133 0 0))
(face (vert 119 0 0) (vert 136 0 0) (vert 139 0 0))
(face (vert 125 0 0) (vert 138 0 0) (vert 137 0 0))
(face (vert 125 0 0) (vert 132 0 0) (vert 138 0 0))
(face (vert 132 0 0) (vert 135 0 0) (vert 138 0 0))
(face (vert 132 0 0) (vert 117 0 0) (vert 135 0 0))
(face (vert 133 0 0) (vert 135 0 0) (vert 117 0 0))
(face (vert 133 0 0) (vert 139 0 0) (vert 135 0 0))
(face (vert 123 0 0) (vert 107 0 0) (vert 122 0 0))
(face (vert 109 0 0) (vert 137 0 0) (vert 134 0 0))
(face (vert 109 0 0) (vert 125 0 0) (vert 137 0 0))
(face (vert 144 0 0) (vert 118 0 0) (vert 86 0 0))
(face (vert 142 0 0) (vert 134 0 0) (vert 136 0 0))
(face (vert 1 0 0) (vert 136 0 0) (vert 119 0 0))
(face (vert 92 0 0) (vert 59 0 0) (vert 72 0 0))
(face (vert 140 0 0) (vert 120 0 0) (vert 2 0 0))
(face (vert 136 0 0) (vert 134 0 0) (vert 137 0 0))
(face (vert 133 0 0) (vert 117 0 0) (vert 110 0 0))
(face (vert 115 0 0) (vert 133 0 0) (vert 110 0 0))
(face (vert 139 0 0) (vert 138 0 0) (vert 135 0 0))
(face (vert 93 0 0) (vert 109 0 0) (vert 134 0 0))
(face (vert 134 0 0) (vert 142 0 0) (vert 92 0 0))
(face (vert 130 0 0) (vert 122 0 0) (vert 121 0 0))
(face (vert 143 0 0) (vert 127 0 0) (vert 111 0 0))
(face (vert 116 0 0) (vert 120 0 0) (vert 140 0 0))
(face (vert 122 0 0) (vert 130 0 0) (vert 123 0 0))
(face (vert 194 0 0) (vert 152 0 0) (vert 153 0 0))
(face (vert 194 0 0) (vert 189 0 0) (vert 152 0 0))
(face (vert 154 0 0) (vert 150 0 0) (vert 160 0 0))
(face (vert 154 0 0) (vert 155 0 0) (vert 150 0 0))
(face (vert 154 0 0) (vert 158 0 0) (vert 155 0 0))
(face (vert 154 0 0) (vert 160 0 0) (vert 158 0 0))
(face (vert 194 0 0) (vert 149 0 0) (vert 172 0 0))
(face (vert 172 0 0) (vert 149 0 0) (vert 158 0 0))
(face (vert 149 0 0) (vert 148 0 0) (vert 155 0 0))
(face (vert 148 0 0) (vert 153 0 0) (vert 151 0 0))
(face (vert 146 0 0) (vert 160 0 0) (vert 150 0 0))
(face (vert 145 0 0) (vert 163 0 0) (vert 160 0 0))
(face (vert 145 0 0) (vert 159 0 0) (vert 163 0 0))
(face (vert 145 0 0) (vert 191 0 0) (vert 159 0 0))
(face (vert 195 0 0) (vert 191 0 0) (vert 145 0 0))
(face (vert 195 0 0) (vert 145 0 0) (vert 186 0 0))
(face (vert 189 0 0) (vert 186 0 0) (vert 145 0 0))
(face (vert 189 0 0) (vert 146 0 0) (vert 147 0 0))
(face (vert 155 0 0) (vert 148 0 0) (vert 147 0 0))
(face (vert 194 0 0) (vert 153 0 0) (vert 148 0 0))
(face (vert 189 0 0) (vert 151 0 0) (vert 153 0 0))
(face (vert 167 0 0) (vert 166 0 0) (vert 163 0 0))
(face (vert 172 0 0) (vert 168 0 0) (vert 157 0 0))
(face (vert 171 0 0) (vert 167 0 0) (vert 159 0 0))
(face (vert 168 0 0) (vert 169 0 0) (vert 161 0 0))
(face (vert 169 0 0) (vert 166 0 0) (vert 162 0 0))
(face (vert 164 0 0) (vert 184 0 0) (vert 181 0 0))
(face (vert 176 0 0) (vert 184 0 0) (vert 164 0 0))
(face (vert 156 0 0) (vert 165 0 0) (vert 164 0 0))
(face (vert 192 0 0) (vert 176 0 0) (vert 165 0 0))
(face (vert 157 0 0) (vert 180 0 0) (vert 177 0 0))
(face (vert 161 0 0) (vert 183 0 0) (vert 180 0 0))
(face (vert 162 0 0) (vert 164 0 0) (vert 183 0 0))
(face (vert 163 0 0) (vert 166 0 0) (vert 169 0 0))
(face (vert 160 0 0) (vert 169 0 0) (vert 168 0 0))
(face (vert 156 0 0) (vert 167 0 0) (vert 171 0 0))
(face (vert 156 0 0) (vert 162 0 0) (vert 166 0 0))
(face (vert 175 0 0) (vert 195 0 0) (vert 186 0 0))
(face (vert 172 0 0) (vert 190 0 0) (vert 193 0 0))
(face (vert 171 0 0) (vert 191 0 0) (vert 195 0 0))
(face (vert 173 0 0) (vert 193 0 0) (vert 188 0 0))
(face (vert 170 0 0) (vert 188 0 0) (vert 187 0 0))
(face (vert 185 0 0) (vert 182 0 0) (vert 181 0 0))
(face (vert 182 0 0) (vert 179 0 0) (vert 177 0 0))
(face (vert 181 0 0) (vert 177 0 0) (vert 180 0 0))
(face (vert 176 0 0) (vert 178 0 0) (vert 185 0 0))
(face (vert 196 0 0) (vert 187 0 0) (vert 185 0 0))
(face (vert 192 0 0) (vert 196 0 0) (vert 178 0 0))
(face (vert 193 0 0) (vert 190 0 0) (vert 177 0 0))
(face (vert 188 0 0) (vert 193 0 0) (vert 179 0 0))
(face (vert 187 0 0) (vert 188 0 0) (vert 182 0 0))
(face (vert 186 0 0) (vert 189 0 0) (vert 170 0 0))
(face (vert 189 0 0) (vert 194 0 0) (vert 173 0 0))
(face (vert 196 0 0) (vert 192 0 0) (vert 171 0 0))
(face (vert 196 0 0) (vert 175 0 0) (vert 174 0 0))
(face (vert 197 0 0) (vert 198 0 0) (vert 199 0 0))
(face (vert 201 0 0) (vert 204 0 0) (vert 203 0 0))
(face (vert 197 0 0) (vert 201 0 0) (vert 202 0 0))
(face (vert 199 0 0) (vert 203 0 0) (vert 204 0 0))
(face (vert 203 0 0) (vert 199 0 0) (vert 207 0 0))
(face (vert 198 0 0) (vert 202 0 0) (vert 206 0 0))
(face (vert 202 0 0) (vert 203 0 0) (vert 205 0 0))
(face (vert 199 0 0) (vert 198 0 0) (vert 208 0 0))
(face (vert 207 0 0) (vert 208 0 0) (vert 209 0 0))
(face (vert 206 0 0) (vert 205 0 0) (vert 212 0 0))
(face (vert 208 0 0) (vert 206 0 0) (vert 211 0 0))
(face (vert 205 0 0) (vert 207 0 0) (vert 210 0 0))
(face (vert 209 0 0) (vert 211 0 0) (vert 212 0 0))
(face (vert 200 0 0) (vert 204 0 0) (vert 213 0 0))
(face (vert 201 0 0) (vert 197 0 0) (vert 216 0 0))
(face (vert 204 0 0) (vert 201 0 0) (vert 214 0 0))
(face (vert 197 0 0) (vert 200 0 0) (vert 215 0 0))
(face (vert 214 0 0) (vert 216 0 0) (vert 215 0 0))
(face (vert 272 0 0) (vert 269 0 0) (vert 270 0 0))
(face (vert 268 0 0) (vert 267 0 0) (vert 266 0 0))
(face (vert 271 0 0) (vert 270 0 0) (vert 266 0 0))
(face (vert 269 0 0) (vert 272 0 0) (vert 268 0 0))
(face (vert 267 0 0) (vert 264 0 0) (vert 262 0 0))
(face (vert 272 0 0) (vert 261 0 0) (vert 263 0 0))
(face (vert 261 0 0) (vert 272 0 0) (vert 271 0 0))
(face (vert 262 0 0) (vert 259 0 0) (vert 260 0 0))
(face (vert 263 0 0) (vert 258 0 0) (vert 257 0 0))
(face (vert 261 0 0) (vert 260 0 0) (vert 258 0 0))
(face (vert 264 0 0) (vert 257 0 0) (vert 259 0 0))
(face (vert 264 0 0) (vert 255 0 0) (vert 256 0 0))
(face (vert 263 0 0) (vert 256 0 0) (vert 253 0 0))
(face (vert 267 0 0) (vert 254 0 0) (vert 255 0 0))
(face (vert 268 0 0) (vert 253 0 0) (vert 254 0 0))
(face (vert 253 0 0) (vert 252 0 0) (vert 251 0 0))
(face (vert 254 0 0) (vert 251 0 0) (vert 250 0 0))
(face (vert 256 0 0) (vert 249 0 0) (vert 252 0 0))
(face (vert 255 0 0) (vert 250 0 0) (vert 249 0 0))
(face (vert 252 0 0) (vert 249 0 0) (vert 250 0 0))
(face (vert 257 0 0) (vert 248 0 0) (vert 246 0 0))
(face (vert 260 0 0) (vert 245 0 0) (vert 247 0 0))
(face (vert 258 0 0) (vert 247 0 0) (vert 248 0 0))
(face (vert 259 0 0) (vert 246 0 0) (vert 245 0 0))
(face (vert 245 0 0) (vert 246 0 0) (vert 248 0 0))
(face (vert 244 0 0) (vert 243 0 0) (vert 242 0 0))
(face (vert 240 0 0) (vert 237 0 0) (vert 238 0 0))
(face (vert 243 0 0) (vert 239 0 0) (vert 238 0 0))
(face (vert 240 0 0) (vert 244 0 0) (vert 241 0 0))
(face (vert 239 0 0) (vert 243 0 0) (vert 234 0 0))
(face (vert 244 0 0) (vert 240 0 0) (vert 235 0 0))
(face (vert 243 0 0) (vert 244 0 0) (vert 233 0 0))
(face (vert 234 0 0) (vert 233 0 0) (vert 232 0 0))
(face (vert 235 0 0) (vert 236 0 0) (vert 229 0 0))
(face (vert 233 0 0) (vert 235 0 0) (vert 230 0 0))
(face (vert 236 0 0) (vert 234 0 0) (vert 231 0 0))
(face (vert 236 0 0) (vert 235 0 0) (vert 228 0 0))
(face (vert 235 0 0) (vert 240 0 0) (vert 225 0 0))
(face (vert 239 0 0) (vert 236 0 0) (vert 227 0 0))
(face (vert 240 0 0) (vert 239 0 0) (vert 226 0 0))
(face (vert 225 0 0) (vert 226 0 0) (vert 223 0 0))
(face (vert 226 0 0) (vert 227 0 0) (vert 222 0 0))
(face (vert 228 0 0) (vert 225 0 0) (vert 224 0 0))
(face (vert 227 0 0) (vert 228 0 0) (vert 221 0 0))
(face (vert 224 0 0) (vert 223 0 0) (vert 222 0 0))
(face (vert 229 0 0) (vert 231 0 0) (vert 218 0 0))
(face (vert 219 0 0) (vert 217 0 0) (vert 232 0 0))
(face (vert 230 0 0) (vert 229 0 0) (vert 220 0 0))
(face (vert 217 0 0) (vert 218 0 0) (vert 231 0 0))
(face (vert 217 0 0) (vert 219 0 0) (vert 220 0 0))
(face (vert 273 0 0) (vert 281 0 0) (vert 298 0 0))
(face (vert 277 0 0) (vert 285 0 0) (vert 297 0 0))
(face (vert 273 0 0) (vert 307 0 0) (vert 313 0 0))
(face (vert 274 0 0) (vert 311 0 0) (vert 312 0 0))
(face (vert 275 0 0) (vert 309 0 0) (vert 310 0 0))
(face (vert 277 0 0) (vert 299 0 0) (vert 301 0 0))
(face (vert 280 0 0) (vert 285 0 0) (vert 301 0 0))
(face (vert 279 0 0) (vert 286 0 0) (vert 303 0 0))
(face (vert 280 0 0) (vert 300 0 0) (vert 303 0 0))
(face (vert 276 0 0) (vert 283 0 0) (vert 310 0 0))
(face (vert 278 0 0) (vert 287 0 0) (vert 305 0 0))
(face (vert 279 0 0) (vert 302 0 0) (vert 305 0 0))
(face (vert 275 0 0) (vert 282 0 0) (vert 312 0 0))
(face (vert 277 0 0) (vert 288 0 0) (vert 306 0 0))
(face (vert 278 0 0) (vert 304 0 0) (vert 306 0 0))
(face (vert 274 0 0) (vert 281 0 0) (vert 313 0 0))
(face (vert 280 0 0) (vert 286 0 0) (vert 297 0 0))
(face (vert 279 0 0) (vert 287 0 0) (vert 297 0 0))
(face (vert 278 0 0) (vert 288 0 0) (vert 297 0 0))
(face (vert 274 0 0) (vert 282 0 0) (vert 298 0 0))
(face (vert 275 0 0) (vert 283 0 0) (vert 298 0 0))
(face (vert 276 0 0) (vert 284 0 0) (vert 298 0 0))
(face (vert 304 0 0) (vert 290 0 0) (vert 296 0 0))
(face (vert 306 0 0) (vert 296 0 0) (vert 289 0 0))
(face (vert 302 0 0) (vert 291 0 0) (vert 295 0 0))
(face (vert 305 0 0) (vert 295 0 0) (vert 290 0 0))
(face (vert 300 0 0) (vert 292 0 0) (vert 294 0 0))
(face (vert 303 0 0) (vert 294 0 0) (vert 291 0 0))
(face (vert 301 0 0) (vert 293 0 0) (vert 292 0 0))
(face (vert 299 0 0) (vert 289 0 0) (vert 293 0 0))
(face (vert 313 0 0) (vert 296 0 0) (vert 290 0 0))
(face (vert 312 0 0) (vert 295 0 0) (vert 291 0 0))
(face (vert 310 0 0) (vert 294 0 0) (vert 292 0 0))
(face (vert 309 0 0) (vert 291 0 0) (vert 294 0 0))
(face (vert 311 0 0) (vert 290 0 0) (vert 295 0 0))
(face (vert 307 0 0) (vert 289 0 0) (vert 296 0 0))
(face (vert 289 0 0) (vert 307 0 0) (vert 315 0 0))
(face (vert 307 0 0) (vert 273 0 0) (vert 321 0 0))
(face (vert 276 0 0) (vert 308 0 0) (vert 314 0 0))
(face (vert 308 0 0) (vert 292 0 0) (vert 317 0 0))
(face (vert 292 0 0) (vert 293 0 0) (vert 316 0 0))
(face (vert 293 0 0) (vert 289 0 0) (vert 318 0 0))
(face (vert 284 0 0) (vert 276 0 0) (vert 320 0 0))
(face (vert 273 0 0) (vert 284 0 0) (vert 319 0 0))
(face (vert 322 0 0) (vert 323 0 0) (vert 331 0 0))
(face (vert 324 0 0) (vert 329 0 0) (vert 330 0 0))
(face (vert 322 0 0) (vert 326 0 0) (vert 327 0 0))
(face (vert 326 0 0) (vert 324 0 0) (vert 325 0 0))
(face (vert 329 0 0) (vert 467 0 0) (vert 468 0 0))
(face (vert 331 0 0) (vert 465 0 0) (vert 466 0 0))
(face (vert 467 0 0) (vert 329 0 0) (vert 342 0 0))
(face (vert 328 0 0) (vert 466 0 0) (vert 474 0 0))
(face (vert 324 0 0) (vert 326 0 0) (vert 344 0 0))
(face (vert 326 0 0) (vert 322 0 0) (vert 346 0 0))
(face (vert 329 0 0) (vert 324 0 0) (vert 345 0 0))
(face (vert 322 0 0) (vert 328 0 0) (vert 343 0 0))
(face (vert 336 0 0) (vert 333 0 0) (vert 340 0 0))
(face (vert 332 0 0) (vert 335 0 0) (vert 338 0 0))
(face (vert 334 0 0) (vert 336 0 0) (vert 337 0 0))
(face (vert 335 0 0) (vert 334 0 0) (vert 339 0 0))
(face (vert 333 0 0) (vert 470 0 0) (vert 471 0 0))
(face (vert 469 0 0) (vert 332 0 0) (vert 341 0 0))
(face (vert 343 0 0) (vert 333 0 0) (vert 336 0 0))
(face (vert 345 0 0) (vert 335 0 0) (vert 332 0 0))
(face (vert 346 0 0) (vert 336 0 0) (vert 334 0 0))
(face (vert 344 0 0) (vert 334 0 0) (vert 335 0 0))
(face (vert 474 0 0) (vert 470 0 0) (vert 333 0 0))
(face (vert 342 0 0) (vert 332 0 0) (vert 469 0 0))
(face (vert 472 0 0) (vert 341 0 0) (vert 347 0 0))
(face (vert 340 0 0) (vert 471 0 0) (vert 476 0 0))
(face (vert 341 0 0) (vert 338 0 0) (vert 349 0 0))
(face (vert 337 0 0) (vert 340 0 0) (vert 348 0 0))
(face (vert 350 0 0) (vert 348 0 0) (vert 354 0 0))
(face (vert 347 0 0) (vert 349 0 0) (vert 352 0 0))
(face (vert 348 0 0) (vert 476 0 0) (vert 477 0 0))
(face (vert 475 0 0) (vert 347 0 0) (vert 355 0 0))
(face (vert 352 0 0) (vert 353 0 0) (vert 356 0 0))
(face (vert 353 0 0) (vert 351 0 0) (vert 354 0 0))
(face (vert 353 0 0) (vert 352 0 0) (vert 358 0 0))
(face (vert 351 0 0) (vert 353 0 0) (vert 357 0 0))
(face (vert 352 0 0) (vert 349 0 0) (vert 361 0 0))
(face (vert 350 0 0) (vert 351 0 0) (vert 359 0 0))
(face (vert 338 0 0) (vert 339 0 0) (vert 362 0 0))
(face (vert 339 0 0) (vert 337 0 0) (vert 364 0 0))
(face (vert 362 0 0) (vert 364 0 0) (vert 365 0 0))
(face (vert 363 0 0) (vert 362 0 0) (vert 367 0 0))
(face (vert 361 0 0) (vert 363 0 0) (vert 366 0 0))
(face (vert 364 0 0) (vert 360 0 0) (vert 369 0 0))
(face (vert 360 0 0) (vert 359 0 0) (vert 370 0 0))
(face (vert 358 0 0) (vert 361 0 0) (vert 368 0 0))
(face (vert 359 0 0) (vert 357 0 0) (vert 372 0 0))
(face (vert 357 0 0) (vert 358 0 0) (vert 371 0 0))
(face (vert 372 0 0) (vert 371 0 0) (vert 374 0 0))
(face (vert 370 0 0) (vert 372 0 0) (vert 373 0 0))
(face (vert 371 0 0) (vert 368 0 0) (vert 377 0 0))
(face (vert 369 0 0) (vert 370 0 0) (vert 375 0 0))
(face (vert 365 0 0) (vert 369 0 0) (vert 376 0 0))
(face (vert 368 0 0) (vert 366 0 0) (vert 379 0 0))
(face (vert 366 0 0) (vert 367 0 0) (vert 378 0 0))
(face (vert 367 0 0) (vert 365 0 0) (vert 380 0 0))
(face (vert 378 0 0) (vert 380 0 0) (vert 381 0 0))
(face (vert 379 0 0) (vert 378 0 0) (vert 383 0 0))
(face (vert 377 0 0) (vert 379 0 0) (vert 382 0 0))
(face (vert 380 0 0) (vert 376 0 0) (vert 385 0 0))
(face (vert 376 0 0) (vert 375 0 0) (vert 386 0 0))
(face (vert 374 0 0) (vert 377 0 0) (vert 384 0 0))
(face (vert 375 0 0) (vert 373 0 0) (vert 388 0 0))
(face (vert 373 0 0) (vert 374 0 0) (vert 387 0 0))
(face (vert 388 0 0) (vert 387 0 0) (vert 390 0 0))
(face (vert 386 0 0) (vert 388 0 0) (vert 389 0 0))
(face (vert 387 0 0) (vert 384 0 0) (vert 393 0 0))
(face (vert 385 0 0) (vert 386 0 0) (vert 391 0 0))
(face (vert 381 0 0) (vert 385 0 0) (vert 392 0 0))
(face (vert 384 0 0) (vert 382 0 0) (vert 395 0 0))
(face (vert 382 0 0) (vert 383 0 0) (vert 394 0 0))
(face (vert 383 0 0) (vert 381 0 0) (vert 396 0 0))
(face (vert 394 0 0) (vert 396 0 0) (vert 397 0 0))
(face (vert 395 0 0) (vert 394 0 0) (vert 399 0 0))
(face (vert 393 0 0) (vert 395 0 0) (vert 398 0 0))
(face (vert 396 0 0) (vert 392 0 0) (vert 401 0 0))
(face (vert 392 0 0) (vert 391 0 0) (vert 402 0 0))
(face (vert 390 0 0) (vert 393 0 0) (vert 400 0 0))
(face (vert 391 0 0) (vert 389 0 0) (vert 404 0 0))
(face (vert 389 0 0) (vert 390 0 0) (vert 403 0 0))
(face (vert 404 0 0) (vert 403 0 0) (vert 406 0 0))
(face (vert 402 0 0) (vert 404 0 0) (vert 405 0 0))
(face (vert 403 0 0) (vert 400 0 0) (vert 409 0 0))
(face (vert 401 0 0) (vert 402 0 0) (vert 407 0 0))
(face (vert 397 0 0) (vert 401 0 0) (vert 408 0 0))
(face (vert 400 0 0) (vert 398 0 0) (vert 412 0 0))
(face (vert 398 0 0) (vert 399 0 0) (vert 411 0 0))
(face (vert 399 0 0) (vert 397 0 0) (vert 413 0 0))
(face (vert 412 0 0) (vert 411 0 0) (vert 410 0 0))
(face (vert 411 0 0) (vert 413 0 0) (vert 408 0 0))
(face (vert 410 0 0) (vert 408 0 0) (vert 407 0 0))
(face (vert 409 0 0) (vert 410 0 0) (vert 405 0 0))
(face (vert 465 0 0) (vert 331 0 0) (vert 414 0 0))
(face (vert 330 0 0) (vert 468 0 0) (vert 479 0 0))
(face (vert 327 0 0) (vert 325 0 0) (vert 417 0 0))
(face (vert 323 0 0) (vert 327 0 0) (vert 416 0 0))
(face (vert 325 0 0) (vert 330 0 0) (vert 415 0 0))
(face (vert 331 0 0) (vert 323 0 0) (vert 418 0 0))
(face (vert 414 0 0) (vert 418 0 0) (vert 419 0 0))
(face (vert 417 0 0) (vert 415 0 0) (vert 423 0 0))
(face (vert 418 0 0) (vert 416 0 0) (vert 421 0 0))
(face (vert 416 0 0) (vert 417 0 0) (vert 420 0 0))
(face (vert 415 0 0) (vert 479 0 0) (vert 482 0 0))
(face (vert 480 0 0) (vert 414 0 0) (vert 424 0 0))
(face (vert 422 0 0) (vert 481 0 0) (vert 449 0 0))
(face (vert 482 0 0) (vert 422 0 0) (vert 450 0 0))
(face (vert 481 0 0) (vert 424 0 0) (vert 452 0 0))
(face (vert 423 0 0) (vert 482 0 0) (vert 451 0 0))
(face (vert 421 0 0) (vert 420 0 0) (vert 454 0 0))
(face (vert 419 0 0) (vert 421 0 0) (vert 455 0 0))
(face (vert 420 0 0) (vert 423 0 0) (vert 453 0 0))
(face (vert 424 0 0) (vert 419 0 0) (vert 456 0 0))
(face (vert 425 0 0) (vert 432 0 0) (vert 433 0 0))
(face (vert 431 0 0) (vert 426 0 0) (vert 439 0 0))
(face (vert 432 0 0) (vert 428 0 0) (vert 437 0 0))
(face (vert 428 0 0) (vert 431 0 0) (vert 434 0 0))
(face (vert 426 0 0) (vert 429 0 0) (vert 436 0 0))
(face (vert 430 0 0) (vert 425 0 0) (vert 440 0 0))
(face (vert 429 0 0) (vert 427 0 0) (vert 438 0 0))
(face (vert 427 0 0) (vert 430 0 0) (vert 435 0 0))
(face (vert 438 0 0) (vert 435 0 0) (vert 446 0 0))
(face (vert 436 0 0) (vert 438 0 0) (vert 443 0 0))
(face (vert 435 0 0) (vert 440 0 0) (vert 441 0 0))
(face (vert 439 0 0) (vert 436 0 0) (vert 445 0 0))
(face (vert 437 0 0) (vert 434 0 0) (vert 447 0 0))
(face (vert 433 0 0) (vert 437 0 0) (vert 444 0 0))
(face (vert 434 0 0) (vert 439 0 0) (vert 442 0 0))
(face (vert 440 0 0) (vert 433 0 0) (vert 448 0 0))
(face (vert 441 0 0) (vert 448 0 0) (vert 321 0 0))
(face (vert 447 0 0) (vert 442 0 0) (vert 316 0 0))
(face (vert 448 0 0) (vert 444 0 0) (vert 315 0 0))
(face (vert 444 0 0) (vert 447 0 0) (vert 318 0 0))
(face (vert 442 0 0) (vert 445 0 0) (vert 317 0 0))
(face (vert 446 0 0) (vert 441 0 0) (vert 319 0 0))
(face (vert 445 0 0) (vert 443 0 0) (vert 314 0 0))
(face (vert 443 0 0) (vert 446 0 0) (vert 320 0 0))
(face (vert 456 0 0) (vert 432 0 0) (vert 425 0 0))
(face (vert 453 0 0) (vert 426 0 0) (vert 431 0 0))
(face (vert 455 0 0) (vert 428 0 0) (vert 432 0 0))
(face (vert 454 0 0) (vert 431 0 0) (vert 428 0 0))
(face (vert 451 0 0) (vert 429 0 0) (vert 426 0 0))
(face (vert 452 0 0) (vert 425 0 0) (vert 430 0 0))
(face (vert 450 0 0) (vert 427 0 0) (vert 429 0 0))
(face (vert 449 0 0) (vert 430 0 0) (vert 427 0 0))
(face (vert 657 0 0) (vert 646 0 0) (vert 632 0 0))
(face (vert 653 0 0) (vert 642 0 0) (vert 633 0 0))
(face (vert 657 0 0) (vert 649 0 0) (vert 617 0 0))
(face (vert 656 0 0) (vert 648 0 0) (vert 618 0 0))
(face (vert 655 0 0) (vert 647 0 0) (vert 620 0 0))
(face (vert 653 0 0) (vert 645 0 0) (vert 629 0 0))
(face (vert 650 0 0) (vert 630 0 0) (vert 629 0 0))
(face (vert 651 0 0) (vert 628 0 0) (vert 627 0 0))
(face (vert 650 0 0) (vert 644 0 0) (vert 627 0 0))
(face (vert 654 0 0) (vert 622 0 0) (vert 620 0 0))
(face (vert 652 0 0) (vert 626 0 0) (vert 625 0 0))
(face (vert 651 0 0) (vert 643 0 0) (vert 625 0 0))
(face (vert 655 0 0) (vert 621 0 0) (vert 618 0 0))
(face (vert 653 0 0) (vert 631 0 0) (vert 624 0 0))
(face (vert 652 0 0) (vert 642 0 0) (vert 624 0 0))
(face (vert 656 0 0) (vert 619 0 0) (vert 617 0 0))
(face (vert 650 0 0) (vert 645 0 0) (vert 633 0 0))
(face (vert 651 0 0) (vert 644 0 0) (vert 633 0 0))
(face (vert 652 0 0) (vert 643 0 0) (vert 633 0 0))
(face (vert 656 0 0) (vert 649 0 0) (vert 632 0 0))
(face (vert 655 0 0) (vert 648 0 0) (vert 632 0 0))
(face (vert 654 0 0) (vert 647 0 0) (vert 632 0 0))
(face (vert 626 0 0) (vert 624 0 0) (vert 634 0 0))
(face (vert 624 0 0) (vert 631 0 0) (vert 641 0 0))
(face (vert 628 0 0) (vert 625 0 0) (vert 635 0 0))
(face (vert 625 0 0) (vert 626 0 0) (vert 640 0 0))
(face (vert 630 0 0) (vert 627 0 0) (vert 636 0 0))
(face (vert 627 0 0) (vert 628 0 0) (vert 639 0 0))
(face (vert 629 0 0) (vert 630 0 0) (vert 638 0 0))
(face (vert 631 0 0) (vert 629 0 0) (vert 637 0 0))
(face (vert 617 0 0) (vert 619 0 0) (vert 640 0 0))
(face (vert 618 0 0) (vert 621 0 0) (vert 639 0 0))
(face (vert 620 0 0) (vert 622 0 0) (vert 638 0 0))
(face (vert 621 0 0) (vert 620 0 0) (vert 636 0 0))
(face (vert 619 0 0) (vert 618 0 0) (vert 635 0 0))
(face (vert 623 0 0) (vert 617 0 0) (vert 634 0 0))
(face (vert 641 0 0) (vert 612 0 0) (vert 615 0 0))
(face (vert 623 0 0) (vert 615 0 0) (vert 609 0 0))
(face (vert 654 0 0) (vert 610 0 0) (vert 616 0 0))
(face (vert 622 0 0) (vert 616 0 0) (vert 613 0 0))
(face (vert 638 0 0) (vert 613 0 0) (vert 614 0 0))
(face (vert 637 0 0) (vert 614 0 0) (vert 612 0 0))
(face (vert 646 0 0) (vert 611 0 0) (vert 610 0 0))
(face (vert 657 0 0) (vert 609 0 0) (vert 611 0 0))
(face (vert 608 0 0) (vert 602 0 0) (vert 599 0 0))
(face (vert 606 0 0) (vert 605 0 0) (vert 600 0 0))
(face (vert 608 0 0) (vert 607 0 0) (vert 603 0 0))
(face (vert 604 0 0) (vert 603 0 0) (vert 605 0 0))
(face (vert 601 0 0) (vert 600 0 0) (vert 468 0 0))
(face (vert 599 0 0) (vert 602 0 0) (vert 466 0 0))
(face (vert 467 0 0) (vert 473 0 0) (vert 588 0 0))
(face (vert 602 0 0) (vert 587 0 0) (vert 474 0 0))
(face (vert 606 0 0) (vert 585 0 0) (vert 586 0 0))
(face (vert 604 0 0) (vert 586 0 0) (vert 584 0 0))
(face (vert 601 0 0) (vert 588 0 0) (vert 585 0 0))
(face (vert 608 0 0) (vert 584 0 0) (vert 587 0 0))
(face (vert 594 0 0) (vert 593 0 0) (vert 590 0 0))
(face (vert 598 0 0) (vert 589 0 0) (vert 592 0 0))
(face (vert 596 0 0) (vert 591 0 0) (vert 593 0 0))
(face (vert 595 0 0) (vert 592 0 0) (vert 591 0 0))
(face (vert 597 0 0) (vert 590 0 0) (vert 471 0 0))
(face (vert 469 0 0) (vert 472 0 0) (vert 589 0 0))
(face (vert 587 0 0) (vert 584 0 0) (vert 594 0 0))
(face (vert 585 0 0) (vert 588 0 0) (vert 598 0 0))
(face (vert 584 0 0) (vert 586 0 0) (vert 596 0 0))
(face (vert 586 0 0) (vert 585 0 0) (vert 595 0 0))
(face (vert 474 0 0) (vert 587 0 0) (vert 597 0 0))
(face (vert 588 0 0) (vert 473 0 0) (vert 469 0 0))
(face (vert 472 0 0) (vert 475 0 0) (vert 583 0 0))
(face (vert 590 0 0) (vert 582 0 0) (vert 476 0 0))
(face (vert 589 0 0) (vert 583 0 0) (vert 581 0 0))
(face (vert 593 0 0) (vert 580 0 0) (vert 582 0 0))
(face (vert 580 0 0) (vert 579 0 0) (vert 576 0 0))
(face (vert 583 0 0) (vert 575 0 0) (vert 578 0 0))
(face (vert 582 0 0) (vert 576 0 0) (vert 477 0 0))
(face (vert 475 0 0) (vert 478 0 0) (vert 575 0 0))
(face (vert 578 0 0) (vert 575 0 0) (vert 574 0 0))
(face (vert 577 0 0) (vert 574 0 0) (vert 576 0 0))
(face (vert 577 0 0) (vert 573 0 0) (vert 572 0 0))
(face (vert 579 0 0) (vert 571 0 0) (vert 573 0 0))
(face (vert 578 0 0) (vert 572 0 0) (vert 569 0 0))
(face (vert 580 0 0) (vert 570 0 0) (vert 571 0 0))
(face (vert 592 0 0) (vert 567 0 0) (vert 568 0 0))
(face (vert 591 0 0) (vert 568 0 0) (vert 566 0 0))
(face (vert 568 0 0) (vert 563 0 0) (vert 565 0 0))
(face (vert 567 0 0) (vert 564 0 0) (vert 563 0 0))
(face (vert 569 0 0) (vert 562 0 0) (vert 564 0 0))
(face (vert 566 0 0) (vert 565 0 0) (vert 561 0 0))
(face (vert 570 0 0) (vert 561 0 0) (vert 560 0 0))
(face (vert 572 0 0) (vert 559 0 0) (vert 562 0 0))
(face (vert 571 0 0) (vert 560 0 0) (vert 558 0 0))
(face (vert 573 0 0) (vert 558 0 0) (vert 559 0 0))
(face (vert 558 0 0) (vert 557 0 0) (vert 556 0 0))
(face (vert 560 0 0) (vert 555 0 0) (vert 557 0 0))
(face (vert 559 0 0) (vert 556 0 0) (vert 553 0 0))
(face (vert 561 0 0) (vert 554 0 0) (vert 555 0 0))
(face (vert 565 0 0) (vert 550 0 0) (vert 554 0 0))
(face (vert 562 0 0) (vert 553 0 0) (vert 551 0 0))
(face (vert 564 0 0) (vert 551 0 0) (vert 552 0 0))
(face (vert 563 0 0) (vert 552 0 0) (vert 550 0 0))
(face (vert 552 0 0) (vert 547 0 0) (vert 549 0 0))
(face (vert 551 0 0) (vert 548 0 0) (vert 547 0 0))
(face (vert 553 0 0) (vert 546 0 0) (vert 548 0 0))
(face (vert 550 0 0) (vert 549 0 0) (vert 545 0 0))
(face (vert 554 0 0) (vert 545 0 0) (vert 544 0 0))
(face (vert 556 0 0) (vert 543 0 0) (vert 546 0 0))
(face (vert 555 0 0) (vert 544 0 0) (vert 542 0 0))
(face (vert 557 0 0) (vert 542 0 0) (vert 543 0 0))
(face (vert 542 0 0) (vert 541 0 0) (vert 540 0 0))
(face (vert 544 0 0) (vert 539 0 0) (vert 541 0 0))
(face (vert 543 0 0) (vert 540 0 0) (vert 537 0 0))
(face (vert 545 0 0) (vert 538 0 0) (vert 539 0 0))
(face (vert 549 0 0) (vert 534 0 0) (vert 538 0 0))
(face (vert 546 0 0) (vert 537 0 0) (vert 535 0 0))
(face (vert 548 0 0) (vert 535 0 0) (vert 536 0 0))
(face (vert 547 0 0) (vert 536 0 0) (vert 534 0 0))
(face (vert 536 0 0) (vert 531 0 0) (vert 533 0 0))
(face (vert 535 0 0) (vert 532 0 0) (vert 531 0 0))
(face (vert 537 0 0) (vert 530 0 0) (vert 532 0 0))
(face (vert 534 0 0) (vert 533 0 0) (vert 529 0 0))
(face (vert 538 0 0) (vert 529 0 0) (vert 528 0 0))
(face (vert 540 0 0) (vert 527 0 0) (vert 530 0 0))
(face (vert 539 0 0) (vert 528 0 0) (vert 526 0 0))
(face (vert 541 0 0) (vert 526 0 0) (vert 527 0 0))
(face (vert 526 0 0) (vert 525 0 0) (vert 524 0 0))
(face (vert 528 0 0) (vert 523 0 0) (vert 525 0 0))
(face (vert 527 0 0) (vert 524 0 0) (vert 521 0 0))
(face (vert 529 0 0) (vert 522 0 0) (vert 523 0 0))
(face (vert 533 0 0) (vert 517 0 0) (vert 522 0 0))
(face (vert 530 0 0) (vert 521 0 0) (vert 518 0 0))
(face (vert 532 0 0) (vert 518 0 0) (vert 519 0 0))
(face (vert 531 0 0) (vert 519 0 0) (vert 517 0 0))
(face (vert 518 0 0) (vert 521 0 0) (vert 520 0 0))
(face (vert 519 0 0) (vert 520 0 0) (vert 522 0 0))
(face (vert 520 0 0) (vert 525 0 0) (vert 523 0 0))
(face (vert 521 0 0) (vert 524 0 0) (vert 525 0 0))
(face (vert 465 0 0) (vert 480 0 0) (vert 516 0 0))
(face (vert 600 0 0) (vert 515 0 0) (vert 479 0 0))
(face (vert 603 0 0) (vert 514 0 0) (vert 513 0 0))
(face (vert 607 0 0) (vert 512 0 0) (vert 514 0 0))
(face (vert 605 0 0) (vert 513 0 0) (vert 515 0 0))
(face (vert 599 0 0) (vert 516 0 0) (vert 512 0 0))
(face (vert 516 0 0) (vert 507 0 0) (vert 511 0 0))
(face (vert 513 0 0) (vert 510 0 0) (vert 508 0 0))
(face (vert 512 0 0) (vert 511 0 0) (vert 509 0 0))
(face (vert 514 0 0) (vert 509 0 0) (vert 510 0 0))
(face (vert 515 0 0) (vert 508 0 0) (vert 482 0 0))
(face (vert 480 0 0) (vert 481 0 0) (vert 507 0 0))
(face (vert 422 0 0) (vert 463 0 0) (vert 464 0 0))
(face (vert 482 0 0) (vert 462 0 0) (vert 463 0 0))
(face (vert 481 0 0) (vert 464 0 0) (vert 461 0 0))
(face (vert 508 0 0) (vert 460 0 0) (vert 462 0 0))
(face (vert 509 0 0) (vert 458 0 0) (vert 459 0 0))
(face (vert 511 0 0) (vert 457 0 0) (vert 458 0 0))
(face (vert 510 0 0) (vert 459 0 0) (vert 460 0 0))
(face (vert 507 0 0) (vert 461 0 0) (vert 457 0 0))
(face (vert 506 0 0) (vert 491 0 0) (vert 498 0 0))
(face (vert 500 0 0) (vert 497 0 0) (vert 492 0 0))
(face (vert 499 0 0) (vert 498 0 0) (vert 494 0 0))
(face (vert 503 0 0) (vert 494 0 0) (vert 497 0 0))
(face (vert 505 0 0) (vert 492 0 0) (vert 495 0 0))
(face (vert 501 0 0) (vert 496 0 0) (vert 491 0 0))
(face (vert 502 0 0) (vert 495 0 0) (vert 493 0 0))
(face (vert 504 0 0) (vert 493 0 0) (vert 496 0 0))
(face (vert 493 0 0) (vert 488 0 0) (vert 485 0 0))
(face (vert 495 0 0) (vert 486 0 0) (vert 488 0 0))
(face (vert 496 0 0) (vert 485 0 0) (vert 490 0 0))
(face (vert 492 0 0) (vert 489 0 0) (vert 486 0 0))
(face (vert 494 0 0) (vert 487 0 0) (vert 484 0 0))
(face (vert 498 0 0) (vert 483 0 0) (vert 487 0 0))
(face (vert 497 0 0) (vert 484 0 0) (vert 489 0 0))
(face (vert 491 0 0) (vert 490 0 0) (vert 483 0 0))
(face (vert 490 0 0) (vert 611 0 0) (vert 609 0 0))
(face (vert 484 0 0) (vert 612 0 0) (vert 614 0 0))
(face (vert 483 0 0) (vert 609 0 0) (vert 615 0 0))
(face (vert 487 0 0) (vert 615 0 0) (vert 612 0 0))
(face (vert 489 0 0) (vert 614 0 0) (vert 613 0 0))
(face (vert 485 0 0) (vert 610 0 0) (vert 611 0 0))
(face (vert 486 0 0) (vert 613 0 0) (vert 616 0 0))
(face (vert 488 0 0) (vert 616 0 0) (vert 610 0 0))
(face (vert 457 0 0) (vert 461 0 0) (vert 506 0 0))
(face (vert 460 0 0) (vert 459 0 0) (vert 500 0 0))
(face (vert 458 0 0) (vert 457 0 0) (vert 499 0 0))
(face (vert 459 0 0) (vert 458 0 0) (vert 503 0 0))
(face (vert 462 0 0) (vert 460 0 0) (vert 505 0 0))
(face (vert 461 0 0) (vert 464 0 0) (vert 501 0 0))
(face (vert 463 0 0) (vert 462 0 0) (vert 502 0 0))
(face (vert 464 0 0) (vert 463 0 0) (vert 504 0 0))
(face (vert 576 0 0) (vert 574 0 0) (vert 660 0 0))
(face (vert 574 0 0) (vert 575 0 0) (vert 659 0 0))
(face (vert 575 0 0) (vert 478 0 0) (vert 662 0 0))
(face (vert 477 0 0) (vert 576 0 0) (vert 658 0 0))
(face (vert 356 0 0) (vert 354 0 0) (vert 666 0 0))
(face (vert 355 0 0) (vert 356 0 0) (vert 664 0 0))
(face (vert 478 0 0) (vert 355 0 0) (vert 665 0 0))
(face (vert 354 0 0) (vert 477 0 0) (vert 663 0 0))
(face (vert 666 0 0) (vert 663 0 0) (vert 661 0 0))
(face (vert 658 0 0) (vert 661 0 0) (vert 663 0 0))
(face (vert 665 0 0) (vert 664 0 0) (vert 666 0 0))
(face (vert 659 0 0) (vert 658 0 0) (vert 660 0 0))
(face (vert 661 0 0) (vert 662 0 0) (vert 665 0 0))
(face (vert 661 0 0) (vert 665 0 0) (vert 666 0 0))
(face (vert 661 0 0) (vert 658 0 0) (vert 659 0 0))
(face (vert 661 0 0) (vert 659 0 0) (vert 662 0 0))
(face (vert 566 0 0) (vert 570 0 0) (vert 580 0 0))
(face (vert 566 0 0) (vert 580 0 0) (vert 593 0 0))
(face (vert 581 0 0) (vert 569 0 0) (vert 567 0 0))
(face (vert 581 0 0) (vert 567 0 0) (vert 592 0 0))
(face (vert 349 0 0) (vert 338 0 0) (vert 363 0 0))
(face (vert 349 0 0) (vert 363 0 0) (vert 361 0 0))
(face (vert 350 0 0) (vert 360 0 0) (vert 364 0 0))
(face (vert 350 0 0) (vert 364 0 0) (vert 337 0 0))
)
)
;; EOF ;;
